101	8	37.733367431246805	289.0	3.0
102	8	38.04298686620679	296.0	3.0
103	8	35.90305508780371	330.0	3.0
104	8	42.10383539752297	423.0	1.0
105	8	42.61197038255862	401.0	3.0
106	8	43.92973977695167	389.0	3.0
107	8	44.3444359109099	411.0	3.0
108	8	41.40356203197733	340.0	3.0
109	8	39.77476783324547	326.0	3.0
110	8	39.2093618057811	414.0	3.0
111	8	44.38306386418755	421.0	3.0
112	8	39.002576615264495	322.0	2.0
113	8	40.84886350113055	354.0	1.0
114	8	40.53352042407234	289.0	3.0
115	8	42.79501330828245	293.0	3.0
116	8	43.93804243008679	389.0	3.0
117	8	43.38481526593585	405.0	3.0
118	8	39.6592073862525	329.0	3.0
119	8	47.119630083389325	351.0	3.0
120	8	41.863273727647865	321.0	3.0
121	8	44.95263464580038	385.0	3.0
122	8	44.45966335428919	470.0	1.0
123	8	39.86824337821102	302.0	1.0
124	8	42.44131683248403	426.0	1.0
125	8	45.14845245692406	443.0	1.0
